[
    {
        "name": "US - ISM Service Index",
        "data": [
            [
                867715200000,
                59.1
            ],
            [
                870393600000,
                62.6
            ],
            [
                873072000000,
                58.5
            ],
            [
                875664000000,
                63
            ],
            [
                878342400000,
                59.9
            ],
            [
                880934400000,
                57.1
            ],
            [
                883612800000,
                61.7
            ],
            [
                886291200000,
                58.9
            ],
            [
                888710400000,
                57
            ],
            [
                891388800000,
                58.9
            ],
            [
                893980800000,
                61.3
            ],
            [
                896659200000,
                59.1
            ],
            [
                899251200000,
                59.2
            ],
            [
                901929600000,
                52.2
            ],
            [
                904608000000,
                57.2
            ],
            [
                907200000000,
                54.4
            ],
            [
                909878400000,
                53.1
            ],
            [
                912470400000,
                54.6
            ],
            [
                915148800000,
                58.6
            ],
            [
                917827200000,
                57.4
            ],
            [
                920246400000,
                59.9
            ],
            [
                922924800000,
                59.9
            ],
            [
                925516800000,
                57.6
            ],
            [
                928195200000,
                58.3
            ],
            [
                930787200000,
                61.4
            ],
            [
                933465600000,
                60
            ],
            [
                936144000000,
                59.2
            ],
            [
                938736000000,
                61.2
            ],
            [
                941414400000,
                55.3
            ],
            [
                944006400000,
                60.5
            ],
            [
                946684800000,
                57.2
            ],
            [
                949363200000,
                58.3
            ],
            [
                951868800000,
                61.4
            ],
            [
                954547200000,
                61.3
            ],
            [
                957139200000,
                59.4
            ],
            [
                959817600000,
                60.7
            ],
            [
                962409600000,
                57.1
            ],
            [
                965088000000,
                60.9
            ],
            [
                967766400000,
                60.3
            ],
            [
                970358400000,
                59.2
            ],
            [
                973036800000,
                58
            ],
            [
                975628800000,
                57.1
            ],
            [
                978307200000,
                51.9
            ],
            [
                980985600000,
                51.6
            ],
            [
                983404800000,
                51
            ],
            [
                986083200000,
                48.4
            ],
            [
                988675200000,
                47.4
            ],
            [
                991353600000,
                52
            ],
            [
                993945600000,
                48.6
            ],
            [
                996624000000,
                47.1
            ],
            [
                999302400000,
                50.2
            ],
            [
                1001894400000,
                41
            ],
            [
                1004572800000,
                48.4
            ],
            [
                1007164800000,
                50.1
            ],
            [
                1009843200000,
                49
            ],
            [
                1012521600000,
                57.4
            ],
            [
                1014940800000,
                58.4
            ],
            [
                1017619200000,
                56.6
            ],
            [
                1020211200000,
                59.7
            ],
            [
                1022889600000,
                56.8
            ],
            [
                1025481600000,
                52.6
            ],
            [
                1028160000000,
                51.5
            ],
            [
                1030838400000,
                55.4
            ],
            [
                1033430400000,
                54
            ],
            [
                1036108800000,
                55.7
            ],
            [
                1038700800000,
                54.4
            ],
            [
                1041379200000,
                53.4
            ],
            [
                1044057600000,
                54.3
            ],
            [
                1046476800000,
                47.9
            ],
            [
                1049155200000,
                52.6
            ],
            [
                1051747200000,
                54.7
            ],
            [
                1054425600000,
                60.3
            ],
            [
                1057017600000,
                63.1
            ],
            [
                1059696000000,
                64.9
            ],
            [
                1062374400000,
                63.4
            ],
            [
                1064966400000,
                65
            ],
            [
                1067644800000,
                60.2
            ],
            [
                1070236800000,
                58.9
            ],
            [
                1072915200000,
                64.2
            ],
            [
                1075593600000,
                60.8
            ],
            [
                1078099200000,
                64
            ],
            [
                1080777600000,
                66.9
            ],
            [
                1083369600000,
                63.3
            ],
            [
                1086048000000,
                61.1
            ],
            [
                1088640000000,
                63.4
            ],
            [
                1091318400000,
                59.3
            ],
            [
                1093996800000,
                58.7
            ],
            [
                1096588800000,
                61.5
            ],
            [
                1099267200000,
                61.9
            ],
            [
                1101859200000,
                63.9
            ],
            [
                1104537600000,
                59.2
            ],
            [
                1107216000000,
                59.8
            ],
            [
                1109635200000,
                63.1
            ],
            [
                1112313600000,
                61.7
            ],
            [
                1114905600000,
                58.5
            ],
            [
                1117584000000,
                62.2
            ],
            [
                1120176000000,
                60.5
            ],
            [
                1122854400000,
                65
            ],
            [
                1125532800000,
                53.3
            ],
            [
                1128124800000,
                60
            ],
            [
                1130803200000,
                58.5
            ],
            [
                1133395200000,
                59.8
            ],
            [
                1136073600000,
                56.8
            ],
            [
                1138752000000,
                60.1
            ],
            [
                1141171200000,
                60.5
            ],
            [
                1143849600000,
                63
            ],
            [
                1146441600000,
                60.1
            ],
            [
                1149120000000,
                56.9
            ],
            [
                1151712000000,
                55.7
            ],
            [
                1154390400000,
                56.9
            ],
            [
                1157068800000,
                54.6
            ],
            [
                1159660800000,
                57.4
            ],
            [
                1162339200000,
                58.3
            ],
            [
                1164931200000,
                56.7
            ],
            [
                1167609600000,
                59
            ],
            [
                1170288000000,
                54.3
            ],
            [
                1172707200000,
                52.4
            ],
            [
                1175385600000,
                56
            ],
            [
                1177977600000,
                59.7
            ],
            [
                1180656000000,
                59.7
            ],
            [
                1183248000000,
                53.1
            ],
            [
                1185926400000,
                52.8
            ],
            [
                1188604800000,
                53.2
            ],
            [
                1191196800000,
                53.3
            ],
            [
                1193875200000,
                52.4
            ],
            [
                1196467200000,
                53.2
            ],
            [
                1199145600000,
                45
            ],
            [
                1201824000000,
                49.9
            ],
            [
                1204329600000,
                49.4
            ],
            [
                1207008000000,
                51.8
            ],
            [
                1209600000000,
                51.4
            ],
            [
                1212278400000,
                48.3
            ],
            [
                1214870400000,
                50
            ],
            [
                1217548800000,
                50.6
            ],
            [
                1220227200000,
                49.4
            ],
            [
                1222819200000,
                44.7
            ],
            [
                1225497600000,
                37.6
            ],
            [
                1228089600000,
                40
            ],
            [
                1230768000000,
                43.1
            ],
            [
                1233446400000,
                41.5
            ],
            [
                1235865600000,
                40
            ],
            [
                1238544000000,
                43.4
            ],
            [
                1241136000000,
                44.2
            ],
            [
                1243814400000,
                46.8
            ],
            [
                1246406400000,
                47
            ],
            [
                1249084800000,
                49.1
            ],
            [
                1251763200000,
                50.5
            ],
            [
                1254355200000,
                50.9
            ],
            [
                1257033600000,
                49.3
            ],
            [
                1259625600000,
                49.9
            ],
            [
                1262304000000,
                49.6
            ],
            [
                1264982400000,
                50.8
            ],
            [
                1267401600000,
                53.2
            ],
            [
                1270080000000,
                55.6
            ],
            [
                1272672000000,
                55.5
            ],
            [
                1275350400000,
                54.6
            ],
            [
                1277942400000,
                54.8
            ],
            [
                1280620800000,
                52.7
            ],
            [
                1283299200000,
                53.6
            ],
            [
                1285891200000,
                55.3
            ],
            [
                1288569600000,
                56.7
            ],
            [
                1291161600000,
                57
            ],
            [
                1293840000000,
                57.1
            ],
            [
                1296518400000,
                56.9
            ],
            [
                1298937600000,
                55.5
            ],
            [
                1301616000000,
                55.3
            ],
            [
                1304208000000,
                55
            ],
            [
                1306886400000,
                54.2
            ],
            [
                1309478400000,
                53.8
            ],
            [
                1312156800000,
                54.1
            ],
            [
                1314835200000,
                52.7
            ],
            [
                1317427200000,
                52.9
            ],
            [
                1320105600000,
                53.2
            ],
            [
                1322697600000,
                52.6
            ],
            [
                1325376000000,
                55.6
            ],
            [
                1328054400000,
                54.9
            ],
            [
                1330560000000,
                55.1
            ],
            [
                1333238400000,
                54.5
            ],
            [
                1335830400000,
                54.4
            ],
            [
                1338508800000,
                53.3
            ],
            [
                1341100800000,
                52.9
            ],
            [
                1343779200000,
                53.8
            ],
            [
                1346457600000,
                55.3
            ],
            [
                1349049600000,
                54.5
            ],
            [
                1351728000000,
                55.1
            ],
            [
                1354320000000,
                55.7
            ],
            [
                1356998400000,
                54.9
            ],
            [
                1359676800000,
                54.8
            ],
            [
                1362096000000,
                54.5
            ],
            [
                1364774400000,
                53.8
            ],
            [
                1367366400000,
                54
            ],
            [
                1370044800000,
                53.4
            ],
            [
                1372636800000,
                55.9
            ],
            [
                1375315200000,
                57.9
            ],
            [
                1377993600000,
                54.5
            ],
            [
                1380585600000,
                55.1
            ],
            [
                1383264000000,
                54.1
            ],
            [
                1385856000000,
                53
            ],
            [
                1388534400000,
                54
            ],
            [
                1391212800000,
                51.6
            ],
            [
                1393632000000,
                53.1
            ],
            [
                1396310400000,
                55.2
            ],
            [
                1398902400000,
                56.3
            ],
            [
                1401580800000,
                56
            ],
            [
                1404172800000,
                58.7
            ],
            [
                1406851200000,
                59.6
            ],
            [
                1409529600000,
                58.6
            ],
            [
                1412121600000,
                57.1
            ],
            [
                1414800000000,
                59.3
            ],
            [
                1417392000000,
                56.2
            ],
            [
                1420070400000,
                56.7
            ],
            [
                1422748800000,
                56.9
            ],
            [
                1425168000000,
                56.5
            ],
            [
                1427846400000,
                57.8
            ],
            [
                1430438400000,
                55.7
            ],
            [
                1433116800000,
                56
            ],
            [
                1435708800000,
                60.3
            ],
            [
                1438387200000,
                59
            ],
            [
                1441065600000,
                56.9
            ],
            [
                1443657600000,
                59.1
            ],
            [
                1446336000000,
                55.9
            ],
            [
                1448928000000,
                55.3
            ],
            [
                1451606400000,
                53.5
            ],
            [
                1454284800000,
                54.3
            ],
            [
                1456790400000,
                54.9
            ],
            [
                1459468800000,
                55.7
            ],
            [
                1462060800000,
                53.6
            ],
            [
                1464739200000,
                56.1
            ],
            [
                1467331200000,
                54.9
            ],
            [
                1470009600000,
                51.7
            ],
            [
                1472688000000,
                56.6
            ],
            [
                1475280000000,
                54.6
            ],
            [
                1477958400000,
                56.2
            ],
            [
                1480550400000,
                56.6
            ],
            [
                1483228800000,
                56.5
            ],
            [
                1485907200000,
                57.4
            ],
            [
                1488326400000,
                55.6
            ],
            [
                1491004800000,
                57.3
            ],
            [
                1493596800000,
                57.1
            ],
            [
                1496275200000,
                57.2
            ],
            [
                1498867200000,
                54.3
            ],
            [
                1501545600000,
                55.2
            ],
            [
                1504224000000,
                59.4
            ],
            [
                1506816000000,
                60.1
            ],
            [
                1509494400000,
                57.4
            ],
            [
                1512086400000,
                56
            ],
            [
                1514764800000,
                59.9
            ],
            [
                1517443200000,
                59.5
            ],
            [
                1519862400000,
                58.8
            ],
            [
                1522540800000,
                56.8
            ],
            [
                1525132800000,
                58.6
            ],
            [
                1527811200000,
                59.1
            ],
            [
                1530403200000,
                55.7
            ],
            [
                1533081600000,
                58.5
            ],
            [
                1535760000000,
                61.6
            ],
            [
                1538352000000,
                60.3
            ],
            [
                1541030400000,
                60.7
            ],
            [
                1543622400000,
                58
            ],
            [
                1546300800000,
                56.7
            ],
            [
                1548979200000,
                59.7
            ],
            [
                1551398400000,
                56.1
            ],
            [
                1554076800000,
                55.5
            ],
            [
                1556668800000,
                56.9
            ],
            [
                1559347200000,
                55.1
            ],
            [
                1561939200000,
                53.7
            ],
            [
                1564617600000,
                56.4
            ],
            [
                1567296000000,
                52.6
            ],
            [
                1569888000000,
                54.7
            ],
            [
                1572566400000,
                53.9
            ],
            [
                1575158400000,
                54.9
            ],
            [
                1577836800000,
                55.5
            ],
            [
                1580515200000,
                57.3
            ],
            [
                1583020800000,
                52.5
            ],
            [
                1585699200000,
                41.8
            ],
            [
                1588291200000,
                45.4
            ],
            [
                1590969600000,
                57.1
            ],
            [
                1593561600000,
                58.1
            ],
            [
                1596240000000,
                56.9
            ],
            [
                1598918400000,
                57.8
            ],
            [
                1601510400000,
                56.6
            ],
            [
                1604188800000,
                55.9
            ],
            [
                1606780800000,
                57.7
            ],
            [
                1609459200000,
                58.7
            ],
            [
                1612137600000,
                55.3
            ],
            [
                1614556800000,
                63.7
            ],
            [
                1617235200000,
                62.7
            ],
            [
                1619827200000,
                64
            ],
            [
                1622505600000,
                60.1
            ],
            [
                1625097600000,
                64.1
            ],
            [
                1627776000000,
                61.7
            ],
            [
                1630454400000,
                61.9
            ],
            [
                1633046400000,
                66.7
            ],
            [
                1635724800000,
                69.1
            ],
            [
                1638316800000,
                62.3
            ],
            [
                1640995200000,
                59.9
            ],
            [
                1643673600000,
                56.5
            ],
            [
                1646092800000,
                58.3
            ],
            [
                1648771200000,
                57.1
            ],
            [
                1651363200000,
                55.9
            ],
            [
                1654041600000,
                55.3
            ],
            [
                1656633600000,
                56.7
            ],
            [
                1659312000000,
                56.9
            ],
            [
                1661990400000,
                56.7
            ],
            [
                1664582400000,
                54.4
            ],
            [
                1667260800000,
                56.5
            ],
            [
                1669852800000,
                49.2
            ],
            [
                1672531200000,
                55.2
            ],
            [
                1675209600000,
                55.1
            ],
            [
                1677628800000,
                51.2
            ],
            [
                1680307200000,
                51.9
            ],
            [
                1682899200000,
                50.3
            ],
            [
                1685577600000,
                53.9
            ],
            [
                1688169600000,
                52.7
            ],
            [
                1690848000000,
                54.5
            ],
            [
                1693526400000,
                53.6
            ],
            [
                1696118400000,
                51.8
            ],
            [
                1698796800000,
                52.7
            ],
            [
                1701388800000,
                50.5
            ],
            [
                1704067200000,
                53.4
            ],
            [
                1706745600000,
                52.6
            ],
            [
                1709251200000,
                51.4
            ],
            [
                1711929600000,
                49.4
            ],
            [
                1714521600000,
                53.8
            ],
            [
                1717200000000,
                48.8
            ],
            [
                1719792000000,
                51.4
            ],
            [
                1722470400000,
                51.5
            ],
            [
                1725148800000,
                54.9
            ],
            [
                1727740800000,
                56
            ],
            [
                1730419200000,
                52.1
            ],
            [
                1733011200000,
                54
            ],
            [
                1735689600000,
                52.8
            ],
            [
                1738368000000,
                53.5
            ],
            [
                1740787200000,
                50.8
            ],
            [
                1743465600000,
                51.6
            ],
            [
                1746057600000,
                49.9
            ],
            [
                1748736000000,
                50.8
            ],
            [
                1751328000000,
                50.1
            ],
            [
                1754006400000,
                52
            ],
            [
                1756684800000,
                50
            ],
            [
                1759276800000,
                52.4
            ],
            [
                1761955200000,
                52.6
            ],
            [
                1764547200000,
                53.8
            ],
            [
                1767225600000,
                53.8
            ],
            [
                1769904000000,
                56.1
            ],
            [
                1772323200000,
                54
            ],
            [
                1775001600000,
                53.6
            ],
            [
                1777593600000,
                54.5
            ],
            [
                1780272000000,
                54
            ]
        ]
    }
]