[
    {
        "name": "M2 Supply of Four Major Central Banks (USD, L)",
        "data": [
            [
                817776000000,
                14148.5759
            ],
            [
                820454400000,
                13792.717
            ],
            [
                823132800000,
                13824.2757
            ],
            [
                825638400000,
                13903.2608
            ],
            [
                828316800000,
                13867.7884
            ],
            [
                830908800000,
                13894.5247
            ],
            [
                833587200000,
                13873.8679
            ],
            [
                836179200000,
                14000.8675
            ],
            [
                838857600000,
                14163.1843
            ],
            [
                841536000000,
                14014.5881
            ],
            [
                844128000000,
                13928.9636
            ],
            [
                846806400000,
                14045.4936
            ],
            [
                849398400000,
                14053.8359
            ],
            [
                852076800000,
                13787.9894
            ],
            [
                854755200000,
                13392.2459
            ],
            [
                857174400000,
                13420.8191
            ],
            [
                859852800000,
                13370.9333
            ],
            [
                862444800000,
                13673.1622
            ],
            [
                865123200000,
                13892.6551
            ],
            [
                867715200000,
                13799.8143
            ],
            [
                870393600000,
                13642.1195
            ],
            [
                873072000000,
                13651.6889
            ],
            [
                875664000000,
                13759.3795
            ],
            [
                878342400000,
                13726.8749
            ],
            [
                880934400000,
                13653.723
            ],
            [
                883612800000,
                13642.4512
            ],
            [
                886291200000,
                13818.0578
            ],
            [
                888710400000,
                13737.2444
            ],
            [
                891388800000,
                13766.4542
            ],
            [
                893980800000,
                13801.2106
            ],
            [
                896659200000,
                13646.6108
            ],
            [
                899251200000,
                13691.933
            ],
            [
                901929600000,
                13662.3642
            ],
            [
                904608000000,
                14237.1311
            ],
            [
                907200000000,
                14981.4166
            ],
            [
                909878400000,
                14989.8937
            ],
            [
                912470400000,
                15382.7874
            ],
            [
                915148800000,
                15624.5454
            ],
            [
                917827200000,
                15311.1171
            ],
            [
                920246400000,
                15140.4721
            ],
            [
                922924800000,
                15147.3775
            ],
            [
                925516800000,
                15090.4286
            ],
            [
                928195200000,
                15109.668
            ],
            [
                930787200000,
                15247.078
            ],
            [
                933465600000,
                15654.1686
            ],
            [
                936144000000,
                15935.9765
            ],
            [
                938736000000,
                16136.0986
            ],
            [
                941414400000,
                16112.5501
            ],
            [
                944006400000,
                16330.9742
            ],
            [
                946684800000,
                16261.1553
            ],
            [
                949363200000,
                15887.5866
            ],
            [
                951868800000,
                16062.794
            ],
            [
                954547200000,
                16202.9132
            ],
            [
                957139200000,
                15867.4415
            ],
            [
                959817600000,
                16193.0592
            ],
            [
                962409600000,
                16104.5108
            ],
            [
                965088000000,
                16002.0402
            ],
            [
                967766400000,
                15970.2473
            ],
            [
                970358400000,
                15842.6588
            ],
            [
                973036800000,
                15849.2221
            ],
            [
                975628800000,
                16068.1708
            ],
            [
                978307200000,
                16198.1838
            ],
            [
                980985600000,
                16156.3712
            ],
            [
                983404800000,
                15994.9133
            ],
            [
                986083200000,
                16010.4543
            ],
            [
                988675200000,
                16008.7295
            ],
            [
                991353600000,
                16068.7636
            ],
            [
                993945600000,
                16107.094
            ],
            [
                996624000000,
                16465.36
            ],
            [
                999302400000,
                16778.9172
            ],
            [
                1001894400000,
                16632.9409
            ],
            [
                1004572800000,
                16615.9416
            ],
            [
                1007164800000,
                16644.7815
            ],
            [
                1009843200000,
                16482.9227
            ],
            [
                1012521600000,
                16417.7957
            ],
            [
                1014940800000,
                16625.3116
            ],
            [
                1017619200000,
                16783.4068
            ],
            [
                1020211200000,
                17166.5469
            ],
            [
                1022889600000,
                17563.2723
            ],
            [
                1025481600000,
                18087.2455
            ],
            [
                1028160000000,
                18047.8374
            ],
            [
                1030838400000,
                18058.1004
            ],
            [
                1033430400000,
                18001.4521
            ],
            [
                1036108800000,
                18331.9588
            ],
            [
                1038700800000,
                18583.575
            ],
            [
                1041379200000,
                19036.4352
            ],
            [
                1044057600000,
                19122.5248
            ],
            [
                1046476800000,
                19291.6369
            ],
            [
                1049155200000,
                19411.6157
            ],
            [
                1051747200000,
                20033.5883
            ],
            [
                1054425600000,
                20152.6011
            ],
            [
                1057017600000,
                20108.1246
            ],
            [
                1059696000000,
                20144.7788
            ],
            [
                1062374400000,
                20362.8486
            ],
            [
                1064966400000,
                20917.1649
            ],
            [
                1067644800000,
                20989.692
            ],
            [
                1070236800000,
                21532.4816
            ],
            [
                1072915200000,
                21851.8606
            ],
            [
                1075593600000,
                21914.2362
            ],
            [
                1078099200000,
                21768.4925
            ],
            [
                1080777600000,
                21833.9173
            ],
            [
                1083369600000,
                21709.2805
            ],
            [
                1086048000000,
                22002.8354
            ],
            [
                1088640000000,
                22154.7362
            ],
            [
                1091318400000,
                22132.9659
            ],
            [
                1093996800000,
                22278.0092
            ],
            [
                1096588800000,
                22550.304
            ],
            [
                1099267200000,
                23184.5588
            ],
            [
                1101859200000,
                23667.2059
            ],
            [
                1104537600000,
                23661.8813
            ],
            [
                1107216000000,
                23522.0376
            ],
            [
                1109635200000,
                23740.7301
            ],
            [
                1112313600000,
                23634.1326
            ],
            [
                1114905600000,
                23601.9612
            ],
            [
                1117584000000,
                23368.5149
            ],
            [
                1120176000000,
                23348.9595
            ],
            [
                1122854400000,
                23693.1749
            ],
            [
                1125532800000,
                23822.6974
            ],
            [
                1128124800000,
                23532.7103
            ],
            [
                1130803200000,
                23328.4192
            ],
            [
                1133395200000,
                23604.2403
            ],
            [
                1136073600000,
                24051.2195
            ],
            [
                1138752000000,
                23888.768
            ],
            [
                1141171200000,
                24146.3446
            ],
            [
                1143849600000,
                24547.7428
            ],
            [
                1146441600000,
                25168.6099
            ],
            [
                1149120000000,
                25127.6661
            ],
            [
                1151712000000,
                25167.1748
            ],
            [
                1154390400000,
                25349.8028
            ],
            [
                1157068800000,
                25450.1619
            ],
            [
                1159660800000,
                25381.6227
            ],
            [
                1162339200000,
                25832.1345
            ],
            [
                1164931200000,
                26388.7109
            ],
            [
                1167609600000,
                26296.2993
            ],
            [
                1170288000000,
                26491.9708
            ],
            [
                1172707200000,
                27008.3521
            ],
            [
                1175385600000,
                27325.8732
            ],
            [
                1177977600000,
                27388.4461
            ],
            [
                1180656000000,
                27511.6326
            ],
            [
                1183248000000,
                28025.0929
            ],
            [
                1185926400000,
                28359.9597
            ],
            [
                1188604800000,
                28878.9175
            ],
            [
                1191196800000,
                29253.7338
            ],
            [
                1193875200000,
                30111.6348
            ],
            [
                1196467200000,
                30196.1687
            ],
            [
                1199145600000,
                31081.904
            ],
            [
                1201824000000,
                31428.3049
            ],
            [
                1204329600000,
                32651.4621
            ],
            [
                1207008000000,
                33008.9367
            ],
            [
                1209600000000,
                32997.4854
            ],
            [
                1212278400000,
                33101.6815
            ],
            [
                1214870400000,
                33434.5873
            ],
            [
                1217548800000,
                32591.5849
            ],
            [
                1220227200000,
                32713.8649
            ],
            [
                1222819200000,
                32584.5926
            ],
            [
                1225497600000,
                32553.6716
            ],
            [
                1228089600000,
                34248.7983
            ],
            [
                1230768000000,
                34533.4206
            ],
            [
                1233446400000,
                34120.1657
            ],
            [
                1235865600000,
                34356.5528
            ],
            [
                1238544000000,
                34695.3249
            ],
            [
                1241136000000,
                35428.5572
            ],
            [
                1243814400000,
                36053.2113
            ],
            [
                1246406400000,
                36414.0502
            ],
            [
                1249084800000,
                36574.7515
            ],
            [
                1251763200000,
                37256.7088
            ],
            [
                1254355200000,
                37613.6011
            ],
            [
                1257033600000,
                37959.7464
            ],
            [
                1259625600000,
                37896.8751
            ],
            [
                1262304000000,
                37784.3002
            ],
            [
                1264982400000,
                37570.8146
            ],
            [
                1267401600000,
                37664.341
            ],
            [
                1270080000000,
                37570.8036
            ],
            [
                1272672000000,
                37158.2576
            ],
            [
                1275350400000,
                37289.3581
            ],
            [
                1277942400000,
                38146.4911
            ],
            [
                1280620800000,
                38717.4891
            ],
            [
                1283299200000,
                39267.657
            ],
            [
                1285891200000,
                40413.4525
            ],
            [
                1288569600000,
                40374.0032
            ],
            [
                1291161600000,
                40340.2215
            ],
            [
                1293840000000,
                40715.156
            ],
            [
                1296518400000,
                41120.8954
            ],
            [
                1298937600000,
                42021.7414
            ],
            [
                1301616000000,
                42493.6218
            ],
            [
                1304208000000,
                42888.3978
            ],
            [
                1306886400000,
                43441.5174
            ],
            [
                1309478400000,
                43632.8002
            ],
            [
                1312156800000,
                44418.991
            ],
            [
                1314835200000,
                44130.9255
            ],
            [
                1317427200000,
                44610.5545
            ],
            [
                1320105600000,
                44578.9638
            ],
            [
                1322697600000,
                44893.6549
            ],
            [
                1325376000000,
                44979.065
            ],
            [
                1328054400000,
                45307.4318
            ],
            [
                1330560000000,
                45405.8983
            ],
            [
                1333238400000,
                45529.3944
            ],
            [
                1335830400000,
                45530.7921
            ],
            [
                1338508800000,
                45904.8526
            ],
            [
                1341100800000,
                45765.5144
            ],
            [
                1343779200000,
                46087.8319
            ],
            [
                1346457600000,
                47130.4833
            ],
            [
                1349049600000,
                47263.3512
            ],
            [
                1351728000000,
                47165.9582
            ],
            [
                1354320000000,
                47788.8058
            ],
            [
                1356998400000,
                47749.583
            ],
            [
                1359676800000,
                47566.0136
            ],
            [
                1362096000000,
                47802.9321
            ],
            [
                1364774400000,
                47838.8869
            ],
            [
                1367366400000,
                47845.5397
            ],
            [
                1370044800000,
                48655.0996
            ],
            [
                1372636800000,
                48420.5894
            ],
            [
                1375315200000,
                49069.1818
            ],
            [
                1377993600000,
                49316.4868
            ],
            [
                1380585600000,
                49832.3466
            ],
            [
                1383264000000,
                49711.9262
            ],
            [
                1385856000000,
                50282.6735
            ],
            [
                1388534400000,
                50598.1606
            ],
            [
                1391212800000,
                50699.1416
            ],
            [
                1393632000000,
                51173.573
            ],
            [
                1396310400000,
                51288.0734
            ],
            [
                1398902400000,
                51659.968
            ],
            [
                1401580800000,
                52202.1392
            ],
            [
                1404172800000,
                52127.3134
            ],
            [
                1406851200000,
                52035.9654
            ],
            [
                1409529600000,
                51513.0889
            ],
            [
                1412121600000,
                51397.1501
            ],
            [
                1414800000000,
                50840.5589
            ],
            [
                1417392000000,
                50911.8171
            ],
            [
                1420070400000,
                50606.6262
            ],
            [
                1422748800000,
                50562.5963
            ],
            [
                1425168000000,
                50564.06
            ],
            [
                1427846400000,
                50817.1735
            ],
            [
                1430438400000,
                51643.6302
            ],
            [
                1433116800000,
                52029.9701
            ],
            [
                1435708800000,
                52251.2913
            ],
            [
                1438387200000,
                51964.3826
            ],
            [
                1441065600000,
                52444.3584
            ],
            [
                1443657600000,
                52712.4342
            ],
            [
                1446336000000,
                52192.9313
            ],
            [
                1448928000000,
                52521.2106
            ],
            [
                1451606400000,
                53004.7731
            ],
            [
                1454284800000,
                53813.0088
            ],
            [
                1456790400000,
                54758.0805
            ],
            [
                1459468800000,
                55362.9837
            ],
            [
                1462060800000,
                55378.0361
            ],
            [
                1464739200000,
                55930.7326
            ],
            [
                1467331200000,
                56039.1358
            ],
            [
                1470009600000,
                56687.2877
            ],
            [
                1472688000000,
                56873.2084
            ],
            [
                1475280000000,
                56303.3511
            ],
            [
                1477958400000,
                55667.7727
            ],
            [
                1480550400000,
                55075.6644
            ],
            [
                1483228800000,
                56009.0609
            ],
            [
                1485907200000,
                56411.4002
            ],
            [
                1488326400000,
                56818.3711
            ],
            [
                1491004800000,
                57188.6784
            ],
            [
                1493596800000,
                57828.0211
            ],
            [
                1496275200000,
                58783.849
            ],
            [
                1498867200000,
                59288.8106
            ],
            [
                1501545600000,
                60648.3563
            ],
            [
                1504224000000,
                60685.5395
            ],
            [
                1506816000000,
                60503.9367
            ],
            [
                1509494400000,
                60973.1212
            ],
            [
                1512086400000,
                61693.0103
            ],
            [
                1514764800000,
                63948.1239
            ],
            [
                1517443200000,
                64326.6069
            ],
            [
                1519862400000,
                64997.0341
            ],
            [
                1522540800000,
                64693.9131
            ],
            [
                1525132800000,
                63912.7429
            ],
            [
                1527811200000,
                63431.5754
            ],
            [
                1530403200000,
                62720.1389
            ],
            [
                1533081600000,
                62751.7744
            ],
            [
                1535760000000,
                62930.6067
            ],
            [
                1538352000000,
                62277.0963
            ],
            [
                1541030400000,
                62505.925
            ],
            [
                1543622400000,
                63306.6544
            ],
            [
                1546300800000,
                65033.2388
            ],
            [
                1548979200000,
                64951.6736
            ],
            [
                1551398400000,
                65253.5806
            ],
            [
                1554076800000,
                65197.591
            ],
            [
                1556668800000,
                64905.877
            ],
            [
                1559347200000,
                65935.7017
            ],
            [
                1561939200000,
                65884.5434
            ],
            [
                1564617600000,
                65321.0567
            ],
            [
                1567296000000,
                65455.2004
            ],
            [
                1569888000000,
                65991.7145
            ],
            [
                1572566400000,
                66383.355
            ],
            [
                1575158400000,
                67159.2967
            ],
            [
                1577836800000,
                67911.8377
            ],
            [
                1580515200000,
                67600.3308
            ],
            [
                1583020800000,
                69273.3066
            ],
            [
                1585699200000,
                70670.2163
            ],
            [
                1588291200000,
                71765.962
            ],
            [
                1590969600000,
                73534.8652
            ],
            [
                1593561600000,
                74438.6066
            ],
            [
                1596240000000,
                75941.7943
            ],
            [
                1598918400000,
                76953.3225
            ],
            [
                1601510400000,
                77495.361
            ],
            [
                1604188800000,
                79007.0148
            ],
            [
                1606780800000,
                80299.7017
            ],
            [
                1609459200000,
                81638.8133
            ],
            [
                1612137600000,
                81818.4314
            ],
            [
                1614556800000,
                81816.2407
            ],
            [
                1617235200000,
                82605.9079
            ],
            [
                1619827200000,
                84081.5835
            ],
            [
                1622505600000,
                84122.2585
            ],
            [
                1625097600000,
                83817.2636
            ],
            [
                1627776000000,
                84250.9777
            ],
            [
                1630454400000,
                85002.6424
            ],
            [
                1633046400000,
                84877.3628
            ],
            [
                1635724800000,
                85337.2021
            ],
            [
                1638316800000,
                85993.409
            ],
            [
                1640995200000,
                86943.0721
            ],
            [
                1643673600000,
                87569.8623
            ],
            [
                1646092800000,
                87644.7564
            ],
            [
                1648771200000,
                85367.0664
            ],
            [
                1651363200000,
                84889.1125
            ],
            [
                1654041600000,
                85193.2508
            ],
            [
                1656633600000,
                84264.7196
            ],
            [
                1659312000000,
                83796.606
            ],
            [
                1661990400000,
                82172.0652
            ],
            [
                1664582400000,
                80573.9752
            ],
            [
                1667260800000,
                82931.4145
            ],
            [
                1669852800000,
                85042.489
            ],
            [
                1672531200000,
                87589.5316
            ],
            [
                1675209600000,
                86351.2675
            ],
            [
                1677628800000,
                87266.646
            ],
            [
                1680307200000,
                87195.4123
            ],
            [
                1682899200000,
                85906.8991
            ],
            [
                1685577600000,
                85540.4388
            ],
            [
                1688169600000,
                86188.3058
            ],
            [
                1690848000000,
                85261.3282
            ],
            [
                1693526400000,
                84865.9834
            ],
            [
                1696118400000,
                84277.8219
            ],
            [
                1698796800000,
                86095.2862
            ],
            [
                1701388800000,
                87087.8437
            ],
            [
                1704067200000,
                87324.2399
            ],
            [
                1706745600000,
                87185.3619
            ],
            [
                1709251200000,
                87927.6934
            ],
            [
                1711929600000,
                86978.3716
            ],
            [
                1714521600000,
                87195.956
            ],
            [
                1717200000000,
                87444.0367
            ],
            [
                1719792000000,
                87635.888
            ],
            [
                1722470400000,
                89692.8302
            ],
            [
                1725148800000,
                91216.0293
            ],
            [
                1727740800000,
                89993.538
            ],
            [
                1730419200000,
                89205.4064
            ],
            [
                1733011200000,
                88943.9256
            ],
            [
                1735689600000,
                89654.223
            ],
            [
                1738368000000,
                90157.5794
            ],
            [
                1740787200000,
                91956.8929
            ],
            [
                1743465600000,
                92882.645
            ],
            [
                1746057600000,
                93564.4298
            ],
            [
                1748736000000,
                94932.0098
            ],
            [
                1751328000000,
                94849.9824
            ],
            [
                1754006400000,
                95619.3082
            ],
            [
                1756684800000,
                96388.5767
            ],
            [
                1759276800000,
                96223.5081
            ],
            [
                1761955200000,
                96657.9198
            ],
            [
                1764547200000,
                98042.3843
            ],
            [
                1767225600000,
                99547.1679
            ],
            [
                1769904000000,
                100977.3141
            ],
            [
                1772323200000,
                100864.0726
            ],
            [
                1775001600000,
                101680.1387
            ],
            [
                1777593600000,
                102653.3792
            ]
        ]
    },
    {
        "name": "M2 Supply of Four Major Central Banks (USD, YoY, R)",
        "data": [
            [
                849398400000,
                -0.6696080274764599
            ],
            [
                852076800000,
                -0.034276060329521484
            ],
            [
                854755200000,
                -3.125153240397255
            ],
            [
                857174400000,
                -3.46998957251812
            ],
            [
                859852800000,
                -3.582799835624827
            ],
            [
                862444800000,
                -1.5931635286523997
            ],
            [
                865123200000,
                0.1354142920735224
            ],
            [
                867715200000,
                -1.4360053046713017
            ],
            [
                870393600000,
                -3.6790088228958515
            ],
            [
                873072000000,
                -2.589438928997147
            ],
            [
                875664000000,
                -1.217492592198317
            ],
            [
                878342400000,
                -2.2684763460359916
            ],
            [
                880934400000,
                -2.8470013656556223
            ],
            [
                883612800000,
                -1.0555433122105595
            ],
            [
                886291200000,
                3.1795406325387185
            ],
            [
                888710400000,
                2.357719731130263
            ],
            [
                891388800000,
                2.9580650140555225
            ],
            [
                893980800000,
                0.9364944123898397
            ],
            [
                896659200000,
                -1.7710387123912663
            ],
            [
                899251200000,
                -0.7817590704825579
            ],
            [
                901929600000,
                0.14839849482332482
            ],
            [
                904608000000,
                4.288423244101331
            ],
            [
                907200000000,
                8.88148408145877
            ],
            [
                909878400000,
                9.201065859498724
            ],
            [
                912470400000,
                12.663684476387862
            ],
            [
                915148800000,
                14.528871468493884
            ],
            [
                917827200000,
                10.8051313839489
            ],
            [
                920246400000,
                10.21476839998567
            ],
            [
                922924800000,
                10.031074668450213
            ],
            [
                925516800000,
                9.341339954626871
            ],
            [
                928195200000,
                10.721029722632665
            ],
            [
                930787200000,
                11.358111378429902
            ],
            [
                933465600000,
                14.578768146145604
            ],
            [
                936144000000,
                11.932498114033663
            ],
            [
                938736000000,
                7.707428682011278
            ],
            [
                941414400000,
                7.489422023052771
            ],
            [
                944006400000,
                6.1639465939703575
            ],
            [
                946684800000,
                4.074421902860607
            ],
            [
                949363200000,
                3.7650388030798947
            ],
            [
                951868800000,
                6.091764470144883
            ],
            [
                954547200000,
                6.968438596054005
            ],
            [
                957139200000,
                5.149044606990166
            ],
            [
                959817600000,
                7.170185340935353
            ],
            [
                962409600000,
                5.623587680209942
            ],
            [
                965088000000,
                2.2222298027376466
            ],
            [
                967766400000,
                0.21505302797102036
            ],
            [
                970358400000,
                -1.8185300379857625
            ],
            [
                973036800000,
                -1.6343036848028143
            ],
            [
                975628800000,
                -1.6092328405001137
            ],
            [
                978307200000,
                -0.387251082953495
            ],
            [
                980985600000,
                1.691789991564855
            ],
            [
                983404800000,
                -0.42259584478266793
            ],
            [
                986083200000,
                -1.187804301759769
            ],
            [
                988675200000,
                0.8904271050881053
            ],
            [
                991353600000,
                -0.7675856579342307
            ],
            [
                993945600000,
                0.016040226443880083
            ],
            [
                996624000000,
                2.895379552914766
            ],
            [
                999302400000,
                5.063602866062062
            ],
            [
                1001894400000,
                4.988317365012003
            ],
            [
                1004572800000,
                4.837584426304414
            ],
            [
                1007164800000,
                3.588527326333879
            ],
            [
                1009843200000,
                1.7578446047759901
            ],
            [
                1012521600000,
                1.618089215479273
            ],
            [
                1014940800000,
                3.9412423698476737
            ],
            [
                1017619200000,
                4.827798671521777
            ],
            [
                1020211200000,
                7.232412790783939
            ],
            [
                1022889600000,
                9.3007074918944
            ],
            [
                1025481600000,
                12.293660793188405
            ],
            [
                1028160000000,
                9.610949289903164
            ],
            [
                1030838400000,
                7.623752979721478
            ],
            [
                1033430400000,
                8.227716362534524
            ],
            [
                1036108800000,
                10.32753509436987
            ],
            [
                1038700800000,
                11.64805617904927
            ],
            [
                1041379200000,
                15.491867228134248
            ],
            [
                1044057600000,
                16.474374206033033
            ],
            [
                1046476800000,
                16.03774632410499
            ],
            [
                1049155200000,
                15.659567400821137
            ],
            [
                1051747200000,
                16.701328558977682
            ],
            [
                1054425600000,
                14.74286087336925
            ],
            [
                1057017600000,
                11.172951127356558
            ],
            [
                1059696000000,
                11.618795945047685
            ],
            [
                1062374400000,
                12.762960383141971
            ],
            [
                1064966400000,
                16.197097788572297
            ],
            [
                1067644800000,
                14.497813512432717
            ],
            [
                1070236800000,
                15.868349335367379
            ],
            [
                1072915200000,
                14.78966713263626
            ],
            [
                1075593600000,
                14.599073235350179
            ],
            [
                1078099200000,
                12.839012121361245
            ],
            [
                1080777600000,
                12.478619180576517
            ],
            [
                1083369600000,
                8.364413678202629
            ],
            [
                1086048000000,
                9.181119056636316
            ],
            [
                1088640000000,
                10.178033211510934
            ],
            [
                1091318400000,
                9.869490847921345
            ],
            [
                1093996800000,
                9.405170355192835
            ],
            [
                1096588800000,
                7.807650357051974
            ],
            [
                1099267200000,
                10.456879500661561
            ],
            [
                1101859200000,
                9.91397247960496
            ],
            [
                1104537600000,
                8.283142260206441
            ],
            [
                1107216000000,
                7.336789588860963
            ],
            [
                1109635200000,
                9.060055950130678
            ],
            [
                1112313600000,
                8.24504038952277
            ],
            [
                1114905600000,
                8.718302294725985
            ],
            [
                1117584000000,
                6.206834142839601
            ],
            [
                1120176000000,
                5.39037472267443
            ],
            [
                1122854400000,
                7.049254072180188
            ],
            [
                1125532800000,
                6.933690466381531
            ],
            [
                1128124800000,
                4.356510227090503
            ],
            [
                1130803200000,
                0.6205009171880441
            ],
            [
                1133395200000,
                -0.2660457692642102
            ],
            [
                1136073600000,
                1.6454236882677553
            ],
            [
                1138752000000,
                1.5590928228088556
            ],
            [
                1141171200000,
                1.7085173804322036
            ],
            [
                1143849600000,
                3.8656388007233202
            ],
            [
                1146441600000,
                6.637790337524993
            ],
            [
                1149120000000,
                7.527869047425005
            ],
            [
                1151712000000,
                7.787136296159149
            ],
            [
                1154390400000,
                6.992004689080311
            ],
            [
                1157068800000,
                6.831571054585944
            ],
            [
                1159660800000,
                7.85677627621159
            ],
            [
                1162339200000,
                10.73246874781811
            ],
            [
                1164931200000,
                11.796484718891787
            ],
            [
                1167609600000,
                9.334577816314052
            ],
            [
                1170288000000,
                10.897183144815166
            ],
            [
                1172707200000,
                11.852756793672196
            ],
            [
                1175385600000,
                11.317253983938604
            ],
            [
                1177977600000,
                8.819860170346562
            ],
            [
                1180656000000,
                9.487417138195745
            ],
            [
                1183248000000,
                11.355736679668944
            ],
            [
                1185926400000,
                11.874478565963432
            ],
            [
                1188604800000,
                13.472431387558286
            ],
            [
                1191196800000,
                15.255569534567236
            ],
            [
                1193875200000,
                16.566576408929738
            ],
            [
                1196467200000,
                14.428358453841717
            ],
            [
                1199145600000,
                18.198776357858083
            ],
            [
                1201824000000,
                18.633321534538307
            ],
            [
                1204329600000,
                20.893944136636165
            ],
            [
                1207008000000,
                20.79737199395332
            ],
            [
                1209600000000,
                20.479582081876476
            ],
            [
                1212278400000,
                20.318855595650827
            ],
            [
                1214870400000,
                19.30232459639768
            ],
            [
                1217548800000,
                14.92112557550638
            ],
            [
                1220227200000,
                13.279401487261428
            ],
            [
                1222819200000,
                11.386098002983804
            ],
            [
                1225497600000,
                8.109944266460092
            ],
            [
                1228089600000,
                13.421005956957725
            ],
            [
                1230768000000,
                11.104585484853176
            ],
            [
                1233446400000,
                8.56508427217148
            ],
            [
                1235865600000,
                5.222096011437102
            ],
            [
                1238544000000,
                5.1088837405659335
            ],
            [
                1241136000000,
                7.3674456417821625
            ],
            [
                1243814400000,
                8.91655549280783
            ],
            [
                1246406400000,
                8.911319506551823
            ],
            [
                1249084800000,
                12.221457201978529
            ],
            [
                1251763200000,
                13.886601029522499
            ],
            [
                1254355200000,
                15.433700711667022
            ],
            [
                1257033600000,
                16.606651521298758
            ],
            [
                1259625600000,
                10.651692850782432
            ],
            [
                1262304000000,
                9.41372022671858
            ],
            [
                1264982400000,
                10.113224332905277
            ],
            [
                1267401600000,
                9.627823312937272
            ],
            [
                1270080000000,
                8.287798740285034
            ],
            [
                1272672000000,
                4.882220831730607
            ],
            [
                1275350400000,
                3.428673217800143
            ],
            [
                1277942400000,
                4.757616608108047
            ],
            [
                1280620800000,
                5.858515812472439
            ],
            [
                1283299200000,
                5.39754654871715
            ],
            [
                1285891200000,
                7.443720670499693
            ],
            [
                1288569600000,
                6.360044597136707
            ],
            [
                1291161600000,
                6.447355866552708
            ],
            [
                1293840000000,
                7.7568084746479045
            ],
            [
                1296518400000,
                9.449038669499606
            ],
            [
                1298937600000,
                11.56903395707892
            ],
            [
                1301616000000,
                13.102775901231992
            ],
            [
                1304208000000,
                15.420906603543225
            ],
            [
                1306886400000,
                16.498431760347195
            ],
            [
                1309478400000,
                14.382211683946991
            ],
            [
                1312156800000,
                14.725908194289394
            ],
            [
                1314835200000,
                12.38492151441579
            ],
            [
                1317427200000,
                10.385408175656359
            ],
            [
                1320105600000,
                10.415020227669666
            ],
            [
                1322697600000,
                11.287576593995652
            ],
            [
                1325376000000,
                10.472535092337603
            ],
            [
                1328054400000,
                10.181043869000957
            ],
            [
                1330560000000,
                8.053347594014754
            ],
            [
                1333238400000,
                7.1440665008224755
            ],
            [
                1335830400000,
                6.161093525391615
            ],
            [
                1338508800000,
                5.670463067204005
            ],
            [
                1341100800000,
                4.887869195248216
            ],
            [
                1343779200000,
                3.757043693315761
            ],
            [
                1346457600000,
                6.796951946996903
            ],
            [
                1349049600000,
                5.946567420496867
            ],
            [
                1351728000000,
                5.803173020365277
            ],
            [
                1354320000000,
                6.448908885785551
            ],
            [
                1356998400000,
                6.159572236550485
            ],
            [
                1359676800000,
                4.985013959674492
            ],
            [
                1362096000000,
                5.279124276239674
            ],
            [
                1364774400000,
                5.072530681409636
            ],
            [
                1367366400000,
                5.0839168247196
            ],
            [
                1370044800000,
                5.9911901340034
            ],
            [
                1372636800000,
                5.801475269772117
            ],
            [
                1375315200000,
                6.468843894563851
            ],
            [
                1377993600000,
                4.638194533430552
            ],
            [
                1380585600000,
                5.43549142152239
            ],
            [
                1383264000000,
                5.3978930931588724
            ],
            [
                1385856000000,
                5.218518559423795
            ],
            [
                1388534400000,
                5.965659637278935
            ],
            [
                1391212800000,
                6.5869047306499615
            ],
            [
                1393632000000,
                7.051117477373316
            ],
            [
                1396310400000,
                7.210005757888995
            ],
            [
                1398902400000,
                7.972380129719802
            ],
            [
                1401580800000,
                7.290170257918856
            ],
            [
                1404172800000,
                7.655264105479893
            ],
            [
                1406851200000,
                6.046124046030053
            ],
            [
                1409529600000,
                4.454092824795467
            ],
            [
                1412121600000,
                3.1401360898384865
            ],
            [
                1414800000000,
                2.2703459436661335
            ],
            [
                1417392000000,
                1.2512135020028383
            ],
            [
                1420070400000,
                0.016731042985771903
            ],
            [
                1422748800000,
                -0.26932467827030276
            ],
            [
                1425168000000,
                -1.191069851620482
            ],
            [
                1427846400000,
                -0.9181469858058735
            ],
            [
                1430438400000,
                -0.03162564870346252
            ],
            [
                1433116800000,
                -0.3298123460810188
            ],
            [
                1435708800000,
                0.23783673455152216
            ],
            [
                1438387200000,
                -0.13756408562759895
            ],
            [
                1441065600000,
                1.8078308249148591
            ],
            [
                1443657600000,
                2.5590603709368014
            ],
            [
                1446336000000,
                2.660026619022854
            ],
            [
                1448928000000,
                3.1611393811359334
            ],
            [
                1451606400000,
                4.738800192928095
            ],
            [
                1454284800000,
                6.428492082792841
            ],
            [
                1456790400000,
                8.294469431449924
            ],
            [
                1459468800000,
                8.945421177350605
            ],
            [
                1462060800000,
                7.231106499558193
            ],
            [
                1464739200000,
                7.497145380831199
            ],
            [
                1467331200000,
                7.249283999991785
            ],
            [
                1470009600000,
                9.088735136824283
            ],
            [
                1472688000000,
                8.44485495698238
            ],
            [
                1475280000000,
                6.812276751203412
            ],
            [
                1477958400000,
                6.657685846435693
            ],
            [
                1480550400000,
                4.863661310959963
            ],
            [
                1483228800000,
                5.6679570995088335
            ],
            [
                1485907200000,
                4.82855625051018
            ],
            [
                1488326400000,
                3.7625325453108247
            ],
            [
                1491004800000,
                3.2976811905460943
            ],
            [
                1493596800000,
                4.424109579429453
            ],
            [
                1496275200000,
                5.1011604307146134
            ],
            [
                1498867200000,
                5.798938105680068
            ],
            [
                1501545600000,
                6.9875782749789215
            ],
            [
                1504224000000,
                6.7032108918265205
            ],
            [
                1506816000000,
                7.460631592850249
            ],
            [
                1509494400000,
                9.530376809920401
            ],
            [
                1512086400000,
                12.015008755845349
            ],
            [
                1514764800000,
                14.174604737927327
            ],
            [
                1517443200000,
                14.031218285554989
            ],
            [
                1519862400000,
                14.39439892707519
            ],
            [
                1522540800000,
                13.123637247752873
            ],
            [
                1525132800000,
                10.522099294177645
            ],
            [
                1527811200000,
                7.906468322616981
            ],
            [
                1530403200000,
                5.787480412029047
            ],
            [
                1533081600000,
                3.4682194676395586
            ],
            [
                1535760000000,
                3.6995093369813374
            ],
            [
                1538352000000,
                2.9306516182442044
            ],
            [
                1541030400000,
                2.51390083012513
            ],
            [
                1543622400000,
                2.6156027922015626
            ],
            [
                1546300800000,
                1.696867451024627
            ],
            [
                1548979200000,
                0.9717078672775495
            ],
            [
                1551398400000,
                0.39470493315941013
            ],
            [
                1554076800000,
                0.7785553166670366
            ],
            [
                1556668800000,
                1.5538905935454743
            ],
            [
                1559347200000,
                3.947759903815984
            ],
            [
                1561939200000,
                5.045276613697036
            ],
            [
                1564617600000,
                4.094358007508388
            ],
            [
                1567296000000,
                4.011710409904574
            ],
            [
                1569888000000,
                5.9646618431052385
            ],
            [
                1572566400000,
                6.203299927166893
            ],
            [
                1575158400000,
                6.085682992592335
            ],
            [
                1577836800000,
                4.42635020662696
            ],
            [
                1580515200000,
                4.077889072284034
            ],
            [
                1583020800000,
                6.160161577401616
            ],
            [
                1585699200000,
                8.393907222737724
            ],
            [
                1588291200000,
                10.569281730836174
            ],
            [
                1590969600000,
                11.525112047150618
            ],
            [
                1593561600000,
                12.983414255550574
            ],
            [
                1596240000000,
                16.25928626473061
            ],
            [
                1598918400000,
                17.56639965920873
            ],
            [
                1601510400000,
                17.431955794996057
            ],
            [
                1604188800000,
                19.016302806629778
            ],
            [
                1606780800000,
                19.566025324383716
            ],
            [
                1609459200000,
                20.212934982909452
            ],
            [
                1612137600000,
                21.03259027247246
            ],
            [
                1614556800000,
                18.106446358083907
            ],
            [
                1617235200000,
                16.889281262890382
            ],
            [
                1619827200000,
                17.16081155576232
            ],
            [
                1622505600000,
                14.397787051359137
            ],
            [
                1625097600000,
                12.599183983113416
            ],
            [
                1627776000000,
                10.94151577084874
            ],
            [
                1630454400000,
                10.460003075240841
            ],
            [
                1633046400000,
                9.52573380489188
            ],
            [
                1635724800000,
                8.012183875095594
            ],
            [
                1638316800000,
                7.090570923005053
            ],
            [
                1640995200000,
                6.497226730266559
            ],
            [
                1643673600000,
                7.029505212440423
            ],
            [
                1646092800000,
                7.123910424302841
            ],
            [
                1648771200000,
                3.342567826192962
            ],
            [
                1651363200000,
                0.9604112653278106
            ],
            [
                1654041600000,
                1.2731378342629711
            ],
            [
                1656633600000,
                0.5338470629814155
            ],
            [
                1659312000000,
                -0.5393073319788945
            ],
            [
                1661990400000,
                -3.32998730401821
            ],
            [
                1664582400000,
                -5.070124068463637
            ],
            [
                1667260800000,
                -2.819154531432659
            ],
            [
                1669852800000,
                -1.1058056786654409
            ],
            [
                1672531200000,
                0.7435434294942486
            ],
            [
                1675209600000,
                -1.3915687063949989
            ],
            [
                1677628800000,
                -0.43141246040362663
            ],
            [
                1680307200000,
                2.141746199211082
            ],
            [
                1682899200000,
                1.1989601139957637
            ],
            [
                1685577600000,
                0.4075299354582314
            ],
            [
                1688169600000,
                2.2827895341385616
            ],
            [
                1690848000000,
                1.7479493143194889
            ],
            [
                1693526400000,
                3.278386874472762
            ],
            [
                1696118400000,
                4.596827562257341
            ],
            [
                1698796800000,
                3.8150461065631567
            ],
            [
                1701388800000,
                2.405097409601918
            ],
            [
                1704067200000,
                -0.3028806013160613
            ],
            [
                1706745600000,
                0.9659318550245967
            ],
            [
                1709251200000,
                0.7575029295843574
            ],
            [
                1711929600000,
                -0.2489129809413124
            ],
            [
                1714521600000,
                1.5005277963757984
            ],
            [
                1717200000000,
                2.2253777589927366
            ],
            [
                1719792000000,
                1.6795575531547393
            ],
            [
                1722470400000,
                5.197552153544792
            ],
            [
                1725148800000,
                7.482439542437444
            ],
            [
                1727740800000,
                6.781993140238008
            ],
            [
                1730419200000,
                3.6124163554961326
            ],
            [
                1733011200000,
                2.1312755272639787
            ],
            [
                1735689600000,
                2.6681974016243313
            ],
            [
                1738368000000,
                3.4090785829495975
            ],
            [
                1740787200000,
                4.582400998136501
            ],
            [
                1743465600000,
                6.7882087137166005
            ],
            [
                1746057600000,
                7.303634356620842
            ],
            [
                1748736000000,
                8.563160373862296
            ],
            [
                1751328000000,
                8.231895134103036
            ],
            [
                1754006400000,
                6.607527030627698
            ],
            [
                1756684800000,
                5.670656177093657
            ],
            [
                1759276800000,
                6.922686048858314
            ],
            [
                1761955200000,
                8.354329295449514
            ],
            [
                1764547200000,
                10.229432351476966
            ],
            [
                1767225600000,
                11.034555394005258
            ],
            [
                1769904000000,
                12.00091525527359
            ],
            [
                1772323200000,
                9.686255612927514
            ],
            [
                1775001600000,
                9.47162271272528
            ],
            [
                1777593600000,
                9.714107614857712
            ]
        ]
    },
    {
        "name": "M2 Supply of Four Major Central Banks (Fixed Exchange Rate, YoY, R)",
        "data": [
            [
                917827200000,
                4.973748776206797
            ],
            [
                920246400000,
                5.176503870394492
            ],
            [
                922924800000,
                5.142460881406265
            ],
            [
                925516800000,
                5.216924455056274
            ],
            [
                928195200000,
                5.3610600059163644
            ],
            [
                930787200000,
                5.594473411066263
            ],
            [
                933465600000,
                5.422733570690821
            ],
            [
                936144000000,
                5.230720849279095
            ],
            [
                938736000000,
                5.099238781385048
            ],
            [
                941414400000,
                4.562582598590923
            ],
            [
                944006400000,
                4.176178334786411
            ],
            [
                946684800000,
                3.718867537580381
            ],
            [
                949363200000,
                3.5354338364564724
            ],
            [
                951868800000,
                3.413194199577808
            ],
            [
                954547200000,
                3.79814807847906
            ],
            [
                957139200000,
                2.9533377642526077
            ],
            [
                959817600000,
                2.7022050733902243
            ],
            [
                962409600000,
                2.291748201520922
            ],
            [
                965088000000,
                2.373523563269018
            ],
            [
                967766400000,
                2.4490468078893386
            ],
            [
                970358400000,
                2.173291357614201
            ],
            [
                973036800000,
                1.8550294428438756
            ],
            [
                975628800000,
                1.8056587088770166
            ],
            [
                978307200000,
                2.541452693035999
            ],
            [
                980985600000,
                2.7450651101800854
            ],
            [
                983404800000,
                2.9937829387091455
            ],
            [
                986083200000,
                3.020234161512106
            ],
            [
                988675200000,
                3.3295979193606486
            ],
            [
                991353600000,
                4.252891927628221
            ],
            [
                993945600000,
                4.488270440435327
            ],
            [
                996624000000,
                4.410213347417237
            ],
            [
                999302400000,
                5.087811535196467
            ],
            [
                1001894400000,
                4.926764800943841
            ],
            [
                1004572800000,
                5.4696166108414905
            ],
            [
                1007164800000,
                5.712310287046046
            ],
            [
                1009843200000,
                4.819906319303567
            ],
            [
                1012521600000,
                4.860780288654882
            ],
            [
                1014940800000,
                4.680406760563123
            ],
            [
                1017619200000,
                4.314072626850754
            ],
            [
                1020211200000,
                4.744680485883979
            ],
            [
                1022889600000,
                4.217270462052234
            ],
            [
                1025481600000,
                4.510870994050426
            ],
            [
                1028160000000,
                4.889027822789165
            ],
            [
                1030838400000,
                4.557731372683492
            ],
            [
                1033430400000,
                5.103761033676793
            ],
            [
                1036108800000,
                5.292104008778461
            ],
            [
                1038700800000,
                5.040529125411912
            ],
            [
                1041379200000,
                5.411947372298451
            ],
            [
                1044057600000,
                5.7730643583296635
            ],
            [
                1046476800000,
                6.161927412963159
            ],
            [
                1049155200000,
                6.410417197448141
            ],
            [
                1051747200000,
                7.138772413613788
            ],
            [
                1054425600000,
                7.494448231499601
            ],
            [
                1057017600000,
                7.649595507554604
            ],
            [
                1059696000000,
                8.08932852303849
            ],
            [
                1062374400000,
                7.680029386738238
            ],
            [
                1064966400000,
                7.4384470075778335
            ],
            [
                1067644800000,
                7.082849099080975
            ],
            [
                1070236800000,
                6.886026286420481
            ],
            [
                1072915200000,
                6.787481822875627
            ],
            [
                1075593600000,
                6.921019993585562
            ],
            [
                1078099200000,
                7.070287853882995
            ],
            [
                1080777600000,
                7.1636736780895145
            ],
            [
                1083369600000,
                6.978744670622407
            ],
            [
                1086048000000,
                6.717482246665295
            ],
            [
                1088640000000,
                6.449187011897631
            ],
            [
                1091318400000,
                5.967094285895857
            ],
            [
                1093996800000,
                6.571296194622271
            ],
            [
                1096588800000,
                6.773121801370757
            ],
            [
                1099267200000,
                7.079988351109918
            ],
            [
                1101859200000,
                7.344527463429608
            ],
            [
                1104537600000,
                7.555990757694139
            ],
            [
                1107216000000,
                7.441309079212679
            ],
            [
                1109635200000,
                7.327565172470998
            ],
            [
                1112313600000,
                7.27916608920154
            ],
            [
                1114905600000,
                7.040589744055616
            ],
            [
                1117584000000,
                7.5311174038663
            ],
            [
                1120176000000,
                7.869306381195891
            ],
            [
                1122854400000,
                8.165911845970616
            ],
            [
                1125532800000,
                8.553531004813792
            ],
            [
                1128124800000,
                8.52852657524393
            ],
            [
                1130803200000,
                8.539505250544002
            ],
            [
                1133395200000,
                8.613759121975457
            ],
            [
                1136073600000,
                8.607222116764861
            ],
            [
                1138752000000,
                8.6847190615278
            ],
            [
                1141171200000,
                8.783458811651151
            ],
            [
                1143849600000,
                9.161925308327975
            ],
            [
                1146441600000,
                9.056246609727634
            ],
            [
                1149120000000,
                9.026257536199617
            ],
            [
                1151712000000,
                8.696461597417738
            ],
            [
                1154390400000,
                8.69329787923661
            ],
            [
                1157068800000,
                8.6420373547262
            ],
            [
                1159660800000,
                8.787236199313629
            ],
            [
                1162339200000,
                9.143360856753308
            ],
            [
                1164931200000,
                9.630214593893726
            ],
            [
                1167609600000,
                9.885763202134443
            ],
            [
                1170288000000,
                10.25998828899664
            ],
            [
                1172707200000,
                10.583352893139619
            ],
            [
                1175385600000,
                10.490519466432602
            ],
            [
                1177977600000,
                10.764324941672962
            ],
            [
                1180656000000,
                10.945355711573567
            ],
            [
                1183248000000,
                11.463686996389802
            ],
            [
                1185926400000,
                11.56728483199387
            ],
            [
                1188604800000,
                11.544516452451067
            ],
            [
                1191196800000,
                11.964454618717697
            ],
            [
                1193875200000,
                11.982683098601166
            ],
            [
                1196467200000,
                11.249345087837773
            ],
            [
                1199145600000,
                11.82070162004222
            ],
            [
                1201824000000,
                12.086002838869122
            ],
            [
                1204329600000,
                11.731211959401051
            ],
            [
                1207008000000,
                11.900457476775703
            ],
            [
                1209600000000,
                12.141274182763182
            ],
            [
                1212278400000,
                11.91844287655311
            ],
            [
                1214870400000,
                11.756479353950487
            ],
            [
                1217548800000,
                11.531648168387152
            ],
            [
                1220227200000,
                11.527444481343164
            ],
            [
                1222819200000,
                11.759050176993007
            ],
            [
                1225497600000,
                11.484295216363053
            ],
            [
                1228089600000,
                12.347911595723543
            ],
            [
                1230768000000,
                12.429049703707339
            ],
            [
                1233446400000,
                12.151031851329721
            ],
            [
                1235865600000,
                12.653039742143108
            ],
            [
                1238544000000,
                12.421857925377768
            ],
            [
                1241136000000,
                12.202497611313506
            ],
            [
                1243814400000,
                12.52713306209649
            ],
            [
                1246406400000,
                12.238448514982306
            ],
            [
                1249084800000,
                11.997762337622474
            ],
            [
                1251763200000,
                11.707743443626969
            ],
            [
                1254355200000,
                10.958542456215618
            ],
            [
                1257033600000,
                10.818948362513636
            ],
            [
                1259625600000,
                10.079696077111768
            ],
            [
                1262304000000,
                9.24056162671459
            ],
            [
                1264982400000,
                9.188775019931482
            ],
            [
                1267401600000,
                8.587665735738623
            ],
            [
                1270080000000,
                8.440809548679491
            ],
            [
                1272672000000,
                8.440927659724135
            ],
            [
                1275350400000,
                8.0178895691627
            ],
            [
                1277942400000,
                7.751246930528952
            ],
            [
                1280620800000,
                8.437184622911165
            ],
            [
                1283299200000,
                8.487854962543363
            ],
            [
                1285891200000,
                8.758524737693632
            ],
            [
                1288569600000,
                8.957167189346828
            ],
            [
                1291161600000,
                9.083245112846523
            ],
            [
                1293840000000,
                9.04708959783652
            ],
            [
                1296518400000,
                8.89273056243709
            ],
            [
                1298937600000,
                9.597609327785191
            ],
            [
                1301616000000,
                9.417917194275104
            ],
            [
                1304208000000,
                9.558737713414567
            ],
            [
                1306886400000,
                10.034370023510105
            ],
            [
                1309478400000,
                10.237373554902147
            ],
            [
                1312156800000,
                10.466625906145989
            ],
            [
                1314835200000,
                10.490289698091063
            ],
            [
                1317427200000,
                11.288117240367894
            ],
            [
                1320105600000,
                11.295296260330822
            ],
            [
                1322697600000,
                11.678400226687145
            ],
            [
                1325376000000,
                11.690400321943004
            ],
            [
                1328054400000,
                12.00919510449522
            ],
            [
                1330560000000,
                12.178163563185008
            ],
            [
                1333238400000,
                11.743301998854047
            ],
            [
                1335830400000,
                11.706238053026935
            ],
            [
                1338508800000,
                11.917366910907495
            ],
            [
                1341100800000,
                11.716157366402042
            ],
            [
                1343779200000,
                11.071703170193201
            ],
            [
                1346457600000,
                11.513931611262828
            ],
            [
                1349049600000,
                10.373746494908428
            ],
            [
                1351728000000,
                10.272027078328058
            ],
            [
                1354320000000,
                10.48103137549444
            ],
            [
                1356998400000,
                10.575559971420523
            ],
            [
                1359676800000,
                10.11621922843437
            ],
            [
                1362096000000,
                10.091805610206345
            ],
            [
                1364774400000,
                10.071292293154833
            ],
            [
                1367366400000,
                9.744453811851555
            ],
            [
                1370044800000,
                8.922718630440484
            ],
            [
                1372636800000,
                8.717168898913071
            ],
            [
                1375315200000,
                8.681620831119348
            ],
            [
                1377993600000,
                8.344952766299398
            ],
            [
                1380585600000,
                8.264963322251084
            ],
            [
                1383264000000,
                8.043971774996823
            ],
            [
                1385856000000,
                7.4781641556505365
            ],
            [
                1388534400000,
                7.507077679744048
            ],
            [
                1391212800000,
                7.586591570225641
            ],
            [
                1393632000000,
                7.140955928215716
            ],
            [
                1396310400000,
                7.484430676574065
            ],
            [
                1398902400000,
                7.697048470674369
            ],
            [
                1401580800000,
                8.196642095671228
            ],
            [
                1404172800000,
                7.784792104466415
            ],
            [
                1406851200000,
                7.445889625509686
            ],
            [
                1409529600000,
                6.961978658022843
            ],
            [
                1412121600000,
                6.813627552086937
            ],
            [
                1414800000000,
                6.862921848339744
            ],
            [
                1417392000000,
                6.863531157897603
            ],
            [
                1420070400000,
                6.676417481716925
            ],
            [
                1422748800000,
                6.734861948304601
            ],
            [
                1425168000000,
                6.212592086965161
            ],
            [
                1427846400000,
                6.05010560747625
            ],
            [
                1430438400000,
                6.314988829789151
            ],
            [
                1433116800000,
                6.0735469054305655
            ],
            [
                1435708800000,
                7.093197200163908
            ],
            [
                1438387200000,
                6.994060386754963
            ],
            [
                1441065600000,
                6.7560428848633185
            ],
            [
                1443657600000,
                6.809211121613247
            ],
            [
                1446336000000,
                6.868050057391417
            ],
            [
                1448928000000,
                6.400331278525188
            ],
            [
                1451606400000,
                6.595124666782061
            ],
            [
                1454284800000,
                6.339942813656439
            ],
            [
                1456790400000,
                6.382401725073097
            ],
            [
                1459468800000,
                6.171852644618506
            ],
            [
                1462060800000,
                5.758110997808306
            ],
            [
                1464739200000,
                5.685817855507003
            ],
            [
                1467331200000,
                5.030744040175769
            ],
            [
                1470009600000,
                5.418269571471746
            ],
            [
                1472688000000,
                5.53434364431468
            ],
            [
                1475280000000,
                5.496606998527292
            ],
            [
                1477958400000,
                5.373911207605941
            ],
            [
                1480550400000,
                5.249180286691667
            ],
            [
                1483228800000,
                5.1251276057088475
            ],
            [
                1485907200000,
                5.033318185641603
            ],
            [
                1488326400000,
                4.908955865972297
            ],
            [
                1491004800000,
                4.6752700260323365
            ],
            [
                1493596800000,
                4.268708163003049
            ],
            [
                1496275200000,
                4.2818256682139655
            ],
            [
                1498867200000,
                4.189368409267417
            ],
            [
                1501545600000,
                4.171706396428537
            ],
            [
                1504224000000,
                4.2465038074243395
            ],
            [
                1506816000000,
                4.157119885601821
            ],
            [
                1509494400000,
                4.211463832133464
            ],
            [
                1512086400000,
                3.8808483605740705
            ],
            [
                1514764800000,
                4.340482236218555
            ],
            [
                1517443200000,
                4.3425412826559056
            ],
            [
                1519862400000,
                4.1870047471791985
            ],
            [
                1522540800000,
                4.33224287153812
            ],
            [
                1525132800000,
                4.545978173388268
            ],
            [
                1527811200000,
                4.534146611482782
            ],
            [
                1530403200000,
                4.611585662251552
            ],
            [
                1533081600000,
                4.353427729954236
            ],
            [
                1535760000000,
                4.360368942769863
            ],
            [
                1538352000000,
                4.155281953752836
            ],
            [
                1541030400000,
                4.038910451207405
            ],
            [
                1543622400000,
                4.279040910417081
            ],
            [
                1546300800000,
                4.054800313472737
            ],
            [
                1548979200000,
                3.8818334757773507
            ],
            [
                1551398400000,
                4.1363458315890185
            ],
            [
                1554076800000,
                4.064687499962768
            ],
            [
                1556668800000,
                4.059976300256244
            ],
            [
                1559347200000,
                4.016130088437045
            ],
            [
                1561939200000,
                3.99471123628429
            ],
            [
                1564617600000,
                4.243215281579842
            ],
            [
                1567296000000,
                4.382750347018356
            ],
            [
                1569888000000,
                4.620499370735932
            ],
            [
                1572566400000,
                4.770709879593199
            ],
            [
                1575158400000,
                4.928334323428286
            ],
            [
                1577836800000,
                4.898925890943632
            ],
            [
                1580515200000,
                5.198802855196847
            ],
            [
                1583020800000,
                7.0263250858626805
            ],
            [
                1585699200000,
                9.240277386658006
            ],
            [
                1588291200000,
                10.790297955975856
            ],
            [
                1590969600000,
                11.495803400957222
            ],
            [
                1593561600000,
                11.653480834818627
            ],
            [
                1596240000000,
                11.67316208944412
            ],
            [
                1598918400000,
                12.337020078084473
            ],
            [
                1601510400000,
                12.409814216878027
            ],
            [
                1604188800000,
                12.965498245904206
            ],
            [
                1606780800000,
                13.117669135736238
            ],
            [
                1609459200000,
                13.302402165061231
            ],
            [
                1612137600000,
                14.046962759820644
            ],
            [
                1614556800000,
                12.814768831100428
            ],
            [
                1617235200000,
                10.85899713694901
            ],
            [
                1619827200000,
                9.891578702905324
            ],
            [
                1622505600000,
                9.4052751808364
            ],
            [
                1625097600000,
                9.28789789004263
            ],
            [
                1627776000000,
                9.391148846494627
            ],
            [
                1630454400000,
                9.208837135028586
            ],
            [
                1633046400000,
                9.382759985791928
            ],
            [
                1635724800000,
                9.086255315639416
            ],
            [
                1638316800000,
                9.295982074978463
            ],
            [
                1640995200000,
                9.491512698865401
            ],
            [
                1643673600000,
                8.939611727940216
            ],
            [
                1646092800000,
                8.901650121908395
            ],
            [
                1648771200000,
                8.752500417812115
            ],
            [
                1651363200000,
                8.33853133934129
            ],
            [
                1654041600000,
                8.302581578257339
            ],
            [
                1656633600000,
                8.217887479943961
            ],
            [
                1659312000000,
                7.919394173573904
            ],
            [
                1661990400000,
                7.3386305653747455
            ],
            [
                1664582400000,
                6.455399762569232
            ],
            [
                1667260800000,
                6.02076477555365
            ],
            [
                1669852800000,
                5.003175818983708
            ],
            [
                1672531200000,
                4.8463864359600315
            ],
            [
                1675209600000,
                4.37903039139579
            ],
            [
                1677628800000,
                3.608287908009692
            ],
            [
                1680307200000,
                2.9943110805061486
            ],
            [
                1682899200000,
                2.6477309852808455
            ],
            [
                1685577600000,
                2.413644634057638
            ],
            [
                1688169600000,
                1.9549850513705267
            ],
            [
                1690848000000,
                1.7101492167172168
            ],
            [
                1693526400000,
                1.7015486109592783
            ],
            [
                1696118400000,
                1.868621888808359
            ],
            [
                1698796800000,
                1.9671912290764135
            ],
            [
                1701388800000,
                2.240031954564541
            ],
            [
                1704067200000,
                1.8942792461594422
            ],
            [
                1706745600000,
                2.1718873899857516
            ],
            [
                1709251200000,
                2.516424438111541
            ],
            [
                1711929600000,
                2.2849088265517032
            ],
            [
                1714521600000,
                2.2391716731038858
            ],
            [
                1717200000000,
                2.078575459782558
            ],
            [
                1719792000000,
                2.156409656685003
            ],
            [
                1722470400000,
                2.482484244166359
            ],
            [
                1725148800000,
                3.028178575990071
            ],
            [
                1727740800000,
                3.4995362233099665
            ],
            [
                1730419200000,
                3.6006872431717727
            ],
            [
                1733011200000,
                3.6372308125580637
            ],
            [
                1735689600000,
                3.5526030819224714
            ],
            [
                1738368000000,
                3.563737192407938
            ],
            [
                1740787200000,
                3.646077493996021
            ],
            [
                1743465600000,
                4.249204981858458
            ],
            [
                1746057600000,
                4.321790895780609
            ],
            [
                1748736000000,
                4.56129491932905
            ],
            [
                1751328000000,
                4.927237436269504
            ],
            [
                1754006400000,
                4.848774925077127
            ],
            [
                1756684800000,
                4.5559247678676575
            ],
            [
                1759276800000,
                4.559917757917767
            ],
            [
                1761955200000,
                4.372394069579225
            ],
            [
                1764547200000,
                4.6334822913658185
            ],
            [
                1767225600000,
                5.041755777991956
            ],
            [
                1769904000000,
                5.1826712664672865
            ],
            [
                1772323200000,
                4.977432846225952
            ],
            [
                1775001600000,
                4.977857474536362
            ],
            [
                1777593600000,
                5.1716786188490005
            ],
            [
                1780272000000,
                4.261065591899347
            ]
        ]
    }
]